0 0.049107 0.441119 0.035714 0.019627
0 0.100000 0.449215 0.033929 0.018155
0 0.516518 0.302993 0.034821 0.018155
0 0.871875 0.373651 0.025893 0.015211
0 0.920982 0.484298 0.022321 0.014720
0 0.882143 0.565260 0.028571 0.015702
0 0.575446 0.588567 0.031250 0.016192
0 0.851339 0.445289 0.036844 0.008678
0 0.557589 0.473013 0.031908 0.010020
0 0.931696 0.525025 0.026967 0.011856
0 0.318304 0.611874 0.025297 0.012638
0 0.773661 0.601570 0.038137 0.008383
0 0.171875 0.585623 0.026221 0.012193
0 0.128571 0.329244 0.024120 0.013255
0 0.772321 0.355986 0.021574 0.014820