0 0.049107 0.441119 0.035714 0.019627
0 0.100000 0.449215 0.033929 0.018155
0 0.516518 0.302993 0.034821 0.018155
0 0.871875 0.373651 0.025893 0.015211
0 0.920982 0.484298 0.022591 0.014898
0 0.882143 0.565260 0.028571 0.015702
0 0.575446 0.588567 0.031250 0.016192
0 0.759375 0.580226 0.042863 0.007852
0 0.391964 0.470805 0.031302 0.010752
0 0.174554 0.501963 0.021431 0.015704
0 0.526786 0.427380 0.020206 0.016656
0 0.256696 0.580226 0.014288 0.023555
0 0.832589 0.348871 0.015154 0.022208
0 0.478125 0.538518 0.024747 0.013600
0 0.186161 0.370707 0.031948 0.010534