0 0.664885 0.394986 0.026014 0.019214
0 0.683799 0.418360 0.024631 0.020293
0 0.344984 0.841802 0.025493 0.019648
0 0.340872 0.824187 0.026393 0.018939
0 0.335526 0.805217 0.026982 0.018525
0 0.328947 0.783875 0.029605 0.020325
0 0.323602 0.760840 0.026014 0.019214
0 0.314556 0.735772 0.025493 0.020325
0 0.521793 0.724593 0.024632 0.020293
0 0.655428 0.617886 0.030167 0.016569
0 0.877056 0.601965 0.016125 0.030998
0 0.461349 0.592818 0.026982 0.018525
0 0.347039 0.806911 0.034834 0.014349
0 0.599095 0.316734 0.031799 0.015719