0 0.049107 0.441119 0.035714 0.019627
0 0.100000 0.449215 0.033929 0.018155
0 0.516518 0.302993 0.034821 0.018155
0 0.871875 0.373651 0.025893 0.015211
0 0.920982 0.484298 0.022591 0.014898
0 0.882143 0.565260 0.028571 0.015702
0 0.575446 0.588567 0.031250 0.016192
0 0.849554 0.597890 0.024747 0.013600
0 0.816518 0.471295 0.024747 0.013600
0 0.951339 0.434495 0.033201 0.010137
0 0.343304 0.550294 0.024747 0.013600
0 0.129911 0.559617 0.047386 0.007102
0 0.933482 0.547105 0.030308 0.011104
0 0.303125 0.377576 0.029281 0.011494
0 0.316071 0.629048 0.034997 0.009616