0 0.664885 0.394986 0.026014 0.019214
0 0.683799 0.418360 0.024631 0.020293
0 0.344984 0.841802 0.025493 0.019648
0 0.340872 0.824187 0.026393 0.018939
0 0.335526 0.805217 0.026982 0.018525
0 0.328947 0.783875 0.029605 0.020325
0 0.323602 0.760840 0.026014 0.019214
0 0.314556 0.735772 0.025493 0.020325
0 0.421875 0.698171 0.026982 0.018525
0 0.214227 0.504404 0.024632 0.020293
0 0.402549 0.509824 0.024632 0.020293
0 0.709704 0.736789 0.020112 0.024853
0 0.895970 0.498645 0.017417 0.028698
0 0.495888 0.327236 0.034834 0.014349
0 0.724095 0.459011 0.014221 0.035148
0 0.208470 0.345190 0.016125 0.030998