0 0.692708 0.366699 0.059028 0.014648
0 0.684028 0.388672 0.055556 0.015625
0 0.701389 0.459473 0.062500 0.022461
0 0.597222 0.444336 0.069444 0.021484
0 0.666667 0.429688 0.055556 0.015625
0 0.600694 0.503418 0.055556 0.016602
0 0.567708 0.548828 0.059028 0.015625
0 0.559028 0.588379 0.055556 0.016602
0 0.513889 0.484863 0.069444 0.018555
0 0.661458 0.534180 0.035191 0.005656
0 0.425347 0.460449 0.022482 0.008852
0 0.302083 0.346191 0.023793 0.008365
0 0.496528 0.446289 0.048611 0.013672
0 0.404514 0.418945 0.072917 0.025391
0 0.366319 0.350098 0.020606 0.009659
0 0.519097 0.337891 0.079861 0.021484
0 0.626736 0.447266 0.023038 0.008639
0 0.633681 0.496094 0.032580 0.006109