0 0.049107 0.441119 0.035714 0.019627
0 0.100000 0.449215 0.033929 0.018155
0 0.516518 0.302993 0.034821 0.018155
0 0.871875 0.373651 0.025893 0.015211
0 0.920982 0.484298 0.022591 0.014898
0 0.882143 0.565260 0.028571 0.015702
0 0.575446 0.588567 0.031250 0.016192
0 0.905804 0.447743 0.031948 0.010534
0 0.877679 0.505888 0.024747 0.013600
0 0.845089 0.419284 0.024747 0.013600
0 0.908036 0.352797 0.034997 0.009616
0 0.532589 0.506133 0.014288 0.023555
0 0.545982 0.473994 0.022591 0.014898
0 0.879464 0.355986 0.049493 0.006800