0 0.692708 0.366699 0.059028 0.014648
0 0.684028 0.388672 0.055556 0.015625
0 0.701389 0.459473 0.062500 0.022461
0 0.597222 0.444336 0.069444 0.021484
0 0.666667 0.429688 0.055556 0.015625
0 0.600694 0.503418 0.055556 0.016602
0 0.567708 0.548828 0.059028 0.015625
0 0.559028 0.588379 0.055556 0.016602
0 0.678819 0.357422 0.036199 0.005818
0 0.491319 0.402344 0.033514 0.006284
0 0.451389 0.369141 0.027364 0.007696
0 0.335069 0.488770 0.027364 0.007696
0 0.701389 0.517578 0.021196 0.009936
0 0.276042 0.350586 0.023698 0.008887
0 0.413194 0.344727 0.069444 0.019531
0 0.614583 0.459961 0.038698 0.005442
0 0.621528 0.313477 0.027364 0.007696