0 0.664885 0.394986 0.026014 0.019214
0 0.683799 0.418360 0.024631 0.020293
0 0.344984 0.841802 0.025493 0.019648
0 0.340872 0.824187 0.026393 0.018939
0 0.335526 0.805217 0.026982 0.018525
0 0.328947 0.783875 0.029605 0.020325
0 0.323602 0.760840 0.026014 0.019214
0 0.314556 0.735772 0.025493 0.020325
0 0.650493 0.531165 0.024632 0.020293
0 0.179276 0.424797 0.034834 0.014349
0 0.763980 0.605014 0.024632 0.020293
0 0.671053 0.820461 0.030167 0.016569
0 0.523438 0.222561 0.042663 0.011716
0 0.557155 0.846545 0.014221 0.035148