0 0.692708 0.366699 0.059028 0.014648
0 0.684028 0.388672 0.055556 0.015625
0 0.701389 0.459473 0.062500 0.022461
0 0.597222 0.444336 0.069444 0.021484
0 0.666667 0.429688 0.055556 0.015625
0 0.600694 0.503418 0.055556 0.016602
0 0.567708 0.548828 0.059028 0.015625
0 0.559028 0.588379 0.055556 0.016602
0 0.435764 0.566406 0.023038 0.008639
0 0.414931 0.453613 0.026602 0.007482
0 0.519097 0.540527 0.034343 0.005795
0 0.475694 0.453613 0.029141 0.006830
0 0.602431 0.482910 0.026602 0.007482
0 0.677083 0.526367 0.034722 0.005859
0 0.486111 0.346191 0.016824 0.011830
0 0.631944 0.468750 0.030717 0.006479
0 0.310764 0.558105 0.026602 0.007482
0 0.449653 0.311035 0.017415 0.011428