0 0.049107 0.441119 0.035714 0.019627
0 0.100000 0.449215 0.033929 0.018155
0 0.516518 0.302993 0.034821 0.018155
0 0.871875 0.373651 0.025893 0.015211
0 0.920982 0.484298 0.022591 0.014898
0 0.882143 0.565260 0.028571 0.015702
0 0.575446 0.588567 0.031250 0.016192
0 0.741071 0.309863 0.032193 0.010454
0 0.358929 0.487733 0.024747 0.013600
0 0.208482 0.435476 0.014288 0.023555
0 0.466071 0.335132 0.024747 0.013600
0 0.133036 0.453140 0.022134 0.015205
0 0.682589 0.407262 0.025757 0.013066
0 0.770536 0.428852 0.034997 0.009616
0 0.848214 0.404318 0.024747 0.013600