0 0.664885 0.394986 0.026014 0.019214
0 0.683799 0.418360 0.024631 0.020293
0 0.344984 0.841802 0.025493 0.019648
0 0.340872 0.824187 0.026393 0.018939
0 0.335526 0.805217 0.026982 0.018525
0 0.328947 0.783875 0.029605 0.020325
0 0.323602 0.760840 0.026014 0.019214
0 0.314556 0.735772 0.025493 0.020325
0 0.481497 0.833672 0.029144 0.017150
0 0.358964 0.206301 0.024632 0.020293
0 0.536595 0.534214 0.024632 0.020293
0 0.412829 0.428862 0.024632 0.020293
0 0.423520 0.384485 0.026982 0.018525
0 0.700247 0.429201 0.024632 0.020293
0 0.201069 0.685637 0.025496 0.019605
0 0.529605 0.104336 0.021834 0.022893
0 0.641859 0.463415 0.033717 0.025745
0 0.657895 0.430894 0.030167 0.016569