0 0.692708 0.366699 0.059028 0.014648
0 0.684028 0.388672 0.055556 0.015625
0 0.701389 0.459473 0.062500 0.022461
0 0.597222 0.444336 0.069444 0.021484
0 0.666667 0.429688 0.055556 0.015625
0 0.600694 0.503418 0.055556 0.016602
0 0.567708 0.548828 0.059028 0.015625
0 0.559028 0.588379 0.055556 0.016602
0 0.529514 0.432617 0.059028 0.027344
0 0.376736 0.503906 0.019349 0.010884
0 0.595486 0.410645 0.035326 0.005961
0 0.397569 0.375000 0.030594 0.006884
0 0.432292 0.338379 0.015798 0.013330
0 0.670139 0.405273 0.027778 0.007812
0 0.458333 0.491211 0.019349 0.010884
0 0.677083 0.526367 0.027364 0.007696
0 0.473958 0.429688 0.072917 0.017578
0 0.704861 0.343750 0.055556 0.015625