0 0.664885 0.394986 0.026014 0.019214
0 0.683799 0.418360 0.024631 0.020293
0 0.344984 0.841802 0.025493 0.019648
0 0.340872 0.824187 0.026393 0.018939
0 0.335526 0.805217 0.026982 0.018525
0 0.328947 0.783875 0.029605 0.020325
0 0.323602 0.760840 0.026014 0.019214
0 0.314556 0.735772 0.025493 0.020325
0 0.501645 0.702575 0.024632 0.020293
0 0.656250 0.599255 0.014990 0.033344
0 0.457648 0.968157 0.027539 0.018150
0 0.527549 0.196816 0.055078 0.009075
0 0.733553 0.467141 0.025439 0.019648
0 0.597039 0.717480 0.032250 0.015499
0 0.579770 0.463076 0.020112 0.024853