0 0.049107 0.441119 0.035714 0.019627
0 0.100000 0.449215 0.033929 0.018155
0 0.516518 0.302993 0.034821 0.018155
0 0.871875 0.373651 0.025893 0.015211
0 0.920982 0.484298 0.022591 0.014898
0 0.882143 0.565260 0.028571 0.015702
0 0.575446 0.588567 0.031250 0.016192
0 0.397321 0.484298 0.026730 0.012591
0 0.405804 0.390334 0.024747 0.013600
0 0.493304 0.526497 0.027668 0.012164
0 0.345536 0.306673 0.035714 0.021590
0 0.722768 0.337341 0.024747 0.013600
0 0.137500 0.313543 0.019741 0.017048
0 0.640179 0.466143 0.083929 0.039254
0 0.927679 0.307900 0.034997 0.009616