0 0.692708 0.366699 0.059028 0.014648
0 0.684028 0.388672 0.055556 0.015625
0 0.701389 0.459473 0.062500 0.022461
0 0.597222 0.444336 0.069444 0.021484
0 0.666667 0.429688 0.055556 0.015625
0 0.600694 0.503418 0.055556 0.016602
0 0.567708 0.548828 0.059028 0.015625
0 0.559028 0.588379 0.055556 0.016602
0 0.609375 0.526855 0.038194 0.010742
0 0.647569 0.564941 0.027364 0.007696
0 0.501736 0.510254 0.038194 0.010742
0 0.331597 0.410645 0.027364 0.007696
0 0.328125 0.539551 0.059028 0.016602
0 0.704861 0.306152 0.029975 0.007025
0 0.543403 0.462402 0.041799 0.005038
0 0.423611 0.527832 0.022342 0.009426
0 0.623264 0.356445 0.052083 0.009766