0 0.416914 0.612069 0.026706 0.037931
0 0.531157 0.579310 0.023739 0.034483
0 0.636499 0.536207 0.026706 0.031034
0 0.738872 0.489655 0.023739 0.034483
0 0.307122 0.681034 0.038576 0.044828
0 0.531157 0.460345 0.023739 0.024138
0 0.566766 0.558621 0.012562 0.029195
0 0.743323 0.687931 0.050445 0.037931
0 0.406528 0.418966 0.017804 0.024138
0 0.602374 0.487931 0.019460 0.018845
0 0.741840 0.634483 0.025123 0.014597
0 0.517804 0.468966 0.015385 0.023838
0 0.606825 0.539655 0.017765 0.020644
0 0.293769 0.536207 0.019460 0.018845