0 0.692708 0.366699 0.059028 0.014648
0 0.684028 0.388672 0.055556 0.015625
0 0.701389 0.459473 0.062500 0.022461
0 0.597222 0.444336 0.069444 0.021484
0 0.666667 0.429688 0.055556 0.015625
0 0.600694 0.503418 0.055556 0.016602
0 0.567708 0.548828 0.059028 0.015625
0 0.559028 0.588379 0.055556 0.016602
0 0.609375 0.552246 0.026602 0.007482
0 0.331597 0.462402 0.040635 0.004898
0 0.680556 0.556641 0.037620 0.005290
0 0.593750 0.558594 0.026602 0.007482
0 0.335069 0.479004 0.031475 0.006323
0 0.302083 0.324219 0.032580 0.006109
0 0.616319 0.346191 0.031475 0.006323