0 0.664885 0.394986 0.026014 0.019214
0 0.683799 0.418360 0.024631 0.020293
0 0.344984 0.841802 0.025493 0.019648
0 0.340872 0.824187 0.026393 0.018939
0 0.335526 0.805217 0.026982 0.018525
0 0.328947 0.783875 0.029605 0.020325
0 0.323602 0.760840 0.026014 0.019214
0 0.314556 0.735772 0.025493 0.020325
0 0.701480 0.756775 0.030167 0.016569
0 0.660773 0.329607 0.024632 0.020293
0 0.504934 0.311314 0.028442 0.017574
0 0.559211 0.639228 0.022804 0.021919
0 0.329359 0.396003 0.011016 0.045376
0 0.076480 0.535908 0.052251 0.009566