0 0.664885 0.394986 0.029848 0.022046
0 0.683799 0.418360 0.028261 0.023283
0 0.344984 0.841802 0.029219 0.022520
0 0.340872 0.824187 0.030282 0.021729
0 0.335526 0.805217 0.030958 0.021255
0 0.328947 0.783875 0.030959 0.021254
0 0.323602 0.760840 0.029848 0.022046
0 0.314556 0.735772 0.028728 0.022904
0 0.564556 0.212398 0.020738 0.031729
0 0.783717 0.365854 0.028261 0.023283
0 0.377056 0.301152 0.028261 0.023283
0 0.617188 0.196477 0.034613 0.019010
0 0.121711 0.602304 0.028261 0.023283
0 0.838816 0.331301 0.028261 0.023283
0 0.249589 0.191396 0.028261 0.023283
0 0.360609 0.209011 0.028261 0.023283
0 0.515625 0.600949 0.016317 0.040327